      l1  l2             f    E11  r.log.likelihood  r.log.likelihood.tt  r.odds.ratio.disc  r.Dice  r.t.score  r.p1.given2  r.p2.given1  r.p1.given2.simple  r.p2.given1.simple  r.p1.given2.margin  r.p2.given1.margin  r.expect.diff  am.log.likelihood  am.log.likelihood.tt  am.odds.ratio.disc  am.Dice  am.t.score  am.p1.given2  am.p2.given1  am.p1.given2.simple  am.p2.given1.simple  am.p1.given2.margin  am.p2.given1.margin  am.expect.diff   f1  f2    N  
--------  ------------  --  -----  ----------------  -------------------  -----------------  ------  ---------  -----------  -----------  ------------------  ------------------  ------------------  ------------------  -------------  -----------------  --------------------  ------------------  -------  ----------  ------------  ------------  -------------------  -------------------  -------------------  -------------------  --------------  ---  --  ---  
NEGATIVE  toxic          4   1.01                 2                    2                  1       4          2            1            2                   1                   4                   1                   2              2              11.06                 11.06                1.43    0.057        1.49          0.75         0.029                 1.00                0.029                 0.75                0.022            2.99  136   4  536  
NEGATIVE  popular        3   0.76                 3                    3                  2       9          3            2            4                   1                   9                   1                   3              4               8.28                  8.28                1.32    0.043        1.29          0.75         0.022                 1.00                0.022                 0.75                0.016            2.24  136   3  536  
NEGATIVE  late           8   2.28                 1                    1                  3       1          1            3            1                  24                   1                   3                   1              1              16.58                 16.58                1.25    0.110        2.02          0.65         0.056                 0.89                0.059                 0.64                0.042            5.72  136   9  536  
NEGATIVE  exciting       3   1.01                 5                    5                  4      10          4            4            7                  32                   9                   4                   5              7               4.35                  4.35                0.84    0.043        1.15          0.50         0.020                 0.75                0.022                 0.50                0.015            1.99  136   4  536  
NEGATIVE  effective      3   1.01                 5                    5                  4      10          4            4            7                  32                   9                   4                   5              7               4.35                  4.35                0.84    0.043        1.15          0.50         0.020                 0.75                0.022                 0.50                0.015            1.99  136   4  536  
NEGATIVE  serious        3   1.27                13                   14                  9      12          7            6            9                  38                   9                   6                   7              9               2.70                  2.70                0.62    0.043        1.00          0.35         0.017                 0.60                0.022                 0.35                0.013            1.73  136   5  536  
NEGATIVE  bad            4   1.78                 9                    9                 10       5          6            7            5                  41                   4                   7                   4              5               3.22                  3.22                0.59    0.056        1.11          0.32         0.022                 0.57                0.029                 0.32                0.016            2.22  136   7  536  
POSITIVE  young          9   6.72                 4                    4                  6       8         10            8            3                   1                   8                   8                  10              3               5.32                  5.32                0.82    0.044        0.76          0.26         0.022                 1.00                0.022                 0.25                0.006            2.28  400   9  536  
POSITIVE  excited        6   4.48                 7                    7                  7      17         11            9           10                   1                  17                   8                  12             10               3.54                  3.54                0.65    0.030        0.62          0.26         0.015                 1.00                0.015                 0.25                0.004            1.52  400   6  536  
POSITIVE  strong         6   4.48                 7                    7                  7      17         11            9           10                   1                  17                   8                  12             10               3.54                  3.54                0.65    0.030        0.62          0.26         0.015                 1.00                0.015                 0.25                0.004            1.52  400   6  536  
POSITIVE  simple         5   3.73                10                   11                 11      19         13           11           15                   1                  19                   8                  15             15               2.94                  2.94                0.58    0.025        0.57          0.26         0.013                 1.00                0.013                 0.25                0.003            1.27  400   5  536  
POSITIVE  familiar       5   3.73                10                   11                 11      19         13           11           15                   1                  19                   8                  15             15               2.94                  2.94                0.58    0.025        0.57          0.26         0.013                 1.00                0.013                 0.25                0.003            1.27  400   5  536  
POSITIVE  more           5   3.73                10                   11                 11      19         13           11           15                   1                  19                   8                  15             15               2.94                  2.94                0.58    0.025        0.57          0.26         0.013                 1.00                0.013                 0.25                0.003            1.27  400   5  536  
POSITIVE  interested     4   2.99                14                   15                 14      25         16           14           18                   1                  25                   8                  18             18               2.35                  2.35                0.49    0.020        0.51          0.26         0.010                 1.00                0.010                 0.25                0.003            1.01  400   4  536  
POSITIVE  alive          4   2.99                14                   15                 14      25         16           14           18                   1                  25                   8                  18             18               2.35                  2.35                0.49    0.020        0.51          0.26         0.010                 1.00                0.010                 0.25                0.003            1.01  400   4  536  
POSITIVE  proud          4   2.99                14                   15                 14      25         16           14           18                   1                  25                   8                  18             18               2.35                  2.35                0.49    0.020        0.51          0.26         0.010                 1.00                0.010                 0.25                0.003            1.01  400   4  536  
POSITIVE  afraid         4   2.99                14                   15                 14      25         16           14           18                   1                  25                   8                  18             18               2.35                  2.35                0.49    0.020        0.51          0.26         0.010                 1.00                0.010                 0.25                0.003            1.01  400   4  536  
POSITIVE  unique         3   2.24                18                   19                 20      32         21           18           22                   1                  32                   8                  22             22               1.76                  1.76                0.38    0.015        0.44          0.26         0.007                 1.00                0.007                 0.25                0.002            0.76  400   3  536  
POSITIVE  mundane        3   2.24                18                   19                 20      32         21           18           22                   1                  32                   8                  22             22               1.76                  1.76                0.38    0.015        0.44          0.26         0.007                 1.00                0.007                 0.25                0.002            0.76  400   3  536  
POSITIVE  divisive       3   2.24                18                   19                 20      32         21           18           22                   1                  32                   8                  22             22               1.76                  1.76                0.38    0.015        0.44          0.26         0.007                 1.00                0.007                 0.25                0.002            0.76  400   3  536  
POSITIVE  violent        3   2.24                18                   19                 20      32         21           18           22                   1                  32                   8                  22             22               1.76                  1.76                0.38    0.015        0.44          0.26         0.007                 1.00                0.007                 0.25                0.002            0.76  400   3  536  
POSITIVE  expensive      3   2.24                18                   19                 20      32         21           18           22                   1                  32                   8                  22             22               1.76                  1.76                0.38    0.015        0.44          0.26         0.007                 1.00                0.007                 0.25                0.002            0.76  400   3  536  
POSITIVE  beautiful      3   2.24                18                   19                 20      32         21           18           22                   1                  32                   8                  22             22               1.76                  1.76                0.38    0.015        0.44          0.26         0.007                 1.00                0.007                 0.25                0.002            0.76  400   3  536  
POSITIVE  small          3   2.24                18                   19                 20      32         21           18           22                   1                  32                   8                  22             22               1.76                  1.76                0.38    0.015        0.44          0.26         0.007                 1.00                0.007                 0.25                0.002            0.76  400   3  536  
POSITIVE  normal         3   2.24                18                   19                 20      32         21           18           22                   1                  32                   8                  22             22               1.76                  1.76                0.38    0.015        0.44          0.26         0.007                 1.00                0.007                 0.25                0.002            0.76  400   3  536  
POSITIVE  aggressive     3   2.24                18                   19                 20      32         21           18           22                   1                  32                   8                  22             22               1.76                  1.76                0.38    0.015        0.44          0.26         0.007                 1.00                0.007                 0.25                0.002            0.76  400   3  536  
POSITIVE  hard           3   2.24                18                   19                 20      32         21           18           22                   1                  32                   8                  22             22               1.76                  1.76                0.38    0.015        0.44          0.26         0.007                 1.00                0.007                 0.25                0.002            0.76  400   3  536  
POSITIVE  enthusiastic   3   2.24                18                   19                 20      32         21           18           22                   1                  32                   8                  22             22               1.76                  1.76                0.38    0.015        0.44          0.26         0.007                 1.00                0.007                 0.25                0.002            0.76  400   3  536  
NEGATIVE  available      3   1.52                29                   30                 18      13          8           29           12                  42                   9                  29                   8             12               1.69                  1.69                0.47    0.042        0.85          0.25         0.015                 0.50                0.022                 0.25                0.011            1.48  136   6  536  
NEGATIVE  close          3   1.52                29                   30                 18      13          8           29           12                  42                   9                  29                   8             12               1.69                  1.69                0.47    0.042        0.85          0.25         0.015                 0.50                0.022                 0.25                0.011            1.48  136   6  536  
POSITIVE  important     20  17.91                31                   34                 31       2         20           31            6                  25                   2                  31                  11              6               1.10                  1.10                0.20    0.094        0.47          0.09         0.021                 0.83                0.050                 0.09                0.005            2.09  400  24  536  
POSITIVE  wrong          5   4.48                33                   40                 33      22         33           32           33                  25                  19                  31                  34             33               0.27                  0.27                0.10    0.025        0.23          0.09         0.005                 0.83                0.013                 0.09                0.001            0.52  400   6  536  
POSITIVE  special        5   4.48                33                   40                 33      22         33           32           33                  25                  19                  31                  34             33               0.27                  0.27                0.10    0.025        0.23          0.09         0.005                 0.83                0.013                 0.09                0.001            0.52  400   6  536  
POSITIVE  good          17  15.67                32                   38                 32       3         32           34           14                  28                   3                  34                  14             14               0.49                  0.49                0.13    0.081        0.32          0.07         0.013                 0.81                0.043                 0.06                0.003            1.33  400  21  536  
POSITIVE  right          4   3.73                35                   42                 36      29         35           35           35                  29                  25                  35                  36             35               0.08                  0.08                0.01    0.020        0.13          0.05         0.003                 0.80                0.010                 0.05                0.001            0.27  400   5  536  
POSITIVE  high           4   3.73                35                   42                 36      29         35           35           35                  29                  25                  35                  36             35               0.08                  0.08                0.01    0.020        0.13          0.05         0.003                 0.80                0.010                 0.05                0.001            0.27  400   5  536  
POSITIVE  ill            4   3.73                35                   42                 36      29         35           35           35                  29                  25                  35                  36             35               0.08                  0.08                0.01    0.020        0.13          0.05         0.003                 0.80                0.010                 0.05                0.001            0.27  400   5  536  
NEGATIVE  different      3   2.79                38                   46                 35      15         38           38           38                  47                   9                  38                  33             38               0.02                  0.02                0.08    0.041        0.12          0.02         0.002                 0.27                0.022                 0.02                0.002            0.21  136  11  536  
POSITIVE  difficult      3   2.99                39                   48                 40      43         39           39           39                  32                  32                  39                  39             39               0.00                  0.00               -0.10    0.015        0.01          0.00         0.000                 0.75                0.007                 0.00                0.000            0.01  400   4  536  
POSITIVE  better         3   2.99                39                   48                 40      43         39           39           39                  32                  32                  39                  39             39               0.00                  0.00               -0.10    0.015        0.01          0.00         0.000                 0.75                0.007                 0.00                0.000            0.01  400   4  536  
POSITIVE  different      8   8.21                41                   46                 39      16         41           41           41                  36                  16                  41                  41             41              -0.02                  0.02               -0.08    0.039       -0.07         -0.02        -0.002                 0.73                0.020                -0.02               -0.001           -0.21  400  11  536  
POSITIVE  happy          5   5.22                42                   45                 42      24         42           42           42                  37                  19                  42                  42             42              -0.04                  0.04               -0.13    0.025       -0.10         -0.03        -0.002                 0.71                0.013                -0.03               -0.001           -0.22  400   7  536  
NEGATIVE  good           4   5.33                43                   38                 43       6         45           43           45                  48                   4                  43                  48             45              -0.49                  0.49               -0.13    0.051       -0.66         -0.07        -0.013                 0.19                0.029                -0.06               -0.010           -1.33  136  21  536  
NEGATIVE  important      4   6.09                46                   34                 44       7         48           44           48                  49                   4                  44                  49             48              -1.10                  1.10               -0.20    0.050       -1.04         -0.09        -0.021                 0.17                0.029                -0.09               -0.015           -2.09  136  24  536  
POSITIVE  big            3   3.73                44                   36                 45      45         43           45           43                  38                  32                  45                  43             43              -0.52                  0.52               -0.32    0.015       -0.42         -0.15        -0.007                 0.60                0.007                -0.15               -0.002           -0.73  400   5  536  
POSITIVE  sinister       3   3.73                44                   36                 45      45         43           45           43                  38                  32                  45                  43             43              -0.52                  0.52               -0.32    0.015       -0.42         -0.15        -0.007                 0.60                0.007                -0.15               -0.002           -0.73  400   5  536  
POSITIVE  close          3   4.48                47                   30                 47      47         46           47           46                  42                  32                  47                  45             46              -1.69                  1.69               -0.47    0.015       -0.85         -0.25        -0.015                 0.50                0.007                -0.25               -0.004           -1.48  400   6  536  
POSITIVE  available      3   4.48                47                   30                 47      47         46           47           46                  42                  32                  47                  45             46              -1.69                  1.69               -0.47    0.015       -0.85         -0.25        -0.015                 0.50                0.007                -0.25               -0.004           -1.48  400   6  536  
POSITIVE  bad            3   5.22                49                    9                 49      49         49           49           49                  46                  32                  49                  47             49              -3.22                  3.22               -0.59    0.015       -1.28         -0.32        -0.022                 0.43                0.007                -0.32               -0.006           -2.22  400   7  536  
